structure(list(trait = structure(1:64, levels = c("NEURO_Gupta", 
"OPEN_Gupta", "EXTRA_Gupta", "CONSC_Gupta", "AGREE_Gupta", "LON", 
"wLON", "Smoking", "NSEXP_Linner", "SMOKER_Linner", "wSmoking", 
"wVEG", "VEG", "DRINKS_Linner", "wCoffee", "PA", "ALC", "wPA", 
"wALC", "Coffee", "Fruit", "wFruit", "ASPEED_Linner", "ARTS_Cheesman", 
"Social_Cheesman", "Health_Cheesman", "ICT_Cheesman", "EDU_Cheesman", 
"NatSci_Cheesman", "ENG_Cheesman", "BUSI_Cheesman", "EA_okbay", 
"EDU", "SERV_Cheesman", "wEDU", "AGRI_Cheesman", "wDD_ANX", "DD_ANX", 
"wILL", "ILL", "wINS", "wRisk", "Risk", "INS", "wCancer", "wDiabetes", 
"Cancer", "BMI", "wSex", "Diabetes", "wRT", "wBMI", "RT", "Sex", 
"wLDL", "LDL", "BP", "wBP", "Height", "wHeight", "DEPRI_Neale", 
"REPERR_Schoeler", "UKBBpart", "wUKBBpart"), class = "factor"), 
    Pathway = c("Common", "Common", "Common", "Common", "Common", 
    "Common", "Common", "Common", "Common", "Common", "Common", 
    "Common", "Common", "Common", "Common", "Common", "Common", 
    "Common", "Common", "Common", "Common", "Common", "Common", 
    "Common", "Common", "Common", "Common", "Common", "Common", 
    "Common", "Common", "Common", "Common", "Common", "Common", 
    "Common", "Common", "Common", "Common", "Common", "Common", 
    "Common", "Common", "Common", "Common", "Common", "Common", 
    "Common", "Common", "Common", "Common", "Common", "Common", 
    "Common", "Common", "Common", "Common", "Common", "Common", 
    "Common", "Common", "Common", "Common", "Common"), Mental = c("F1", 
    "F1", "F1", "F1", "F1", "F1", "F1", "F1", "F1", "F1", "F1", 
    "F1", "F1", "F1", "F1", "F1", "F1", "F1", "F1", "F1", "F1", 
    "F1", "F1", "F1", "F1", "F1", "F1", "F1", "F1", "F1", "F1", 
    "F1", "F1", "F1", "F1", "F1", "F1", "F1", "F1", "F1", "F1", 
    "F1", "F1", "F1", "F1", "F1", "F1", "F1", "F1", "F1", "F1", 
    "F1", "F1", "F1", "F1", "F1", "F1", "F1", "F1", "F1", "F1", 
    "F1", "F1", "F1"), rg = c(0.589577559206955, 0.240033110950815, 
    -0.00245539533854852, -0.0772365231173688, -0.402036147149747, 
    0.580821378327503, 0.573286968485826, 0.476104207630218, 
    0.476019048014434, 0.453217360041028, 0.450870093770882, 
    0.366125492475107, 0.292515046391706, 0.0977722807521785, 
    0.0964974262180939, 0.0908679023091196, 0.0773853617869659, 
    0.0313905934985729, 0.0152460058508004, -0.0238265294013622, 
    -0.0748874018335278, -0.102822019942639, -0.228435959269586, 
    0.265233028648414, 0.140065520511874, 0.0544446386853155, 
    -0.101850023255074, -0.118838887459625, -0.120649066529598, 
    -0.14270119199409, -0.147202001972162, -0.215006344044865, 
    -0.254306973273329, -0.29372016616026, -0.30641835743311, 
    -0.376585997669851, 0.956939204790744, 0.955423619868559, 
    0.630869193569602, 0.544947878832984, 0.485380414470388, 
    0.444332709908712, 0.432622867607942, 0.382379666641298, 
    0.375908868888601, 0.246672188149368, 0.241073810796944, 
    0.177104709905459, 0.164421981503276, 0.158938122058343, 
    0.151722279939498, 0.137245205026583, 0.115119412622548, 
    0.083312579932201, -0.0144902852779796, -0.018409017264679, 
    -0.0312732751587789, -0.0382571659771249, -0.0866199020168031, 
    -0.105278866016619, 0.523623114407616, 0.226829486982305, 
    -0.329942178396683, -0.367863610525425), se = c(0.0319889353017951, 
    0.0399599610636521, 0.032080169401941, 0.0342834470762943, 
    0.0395729259354989, 0.0332513104219578, 0.0489411292339293, 
    0.0298713516106245, 0.028721856344441, 0.0267385873883517, 
    0.0390287624284391, 0.0732809927589805, 0.0344708638326672, 
    0.0266815188391829, 0.0558177151952917, 0.0330163515892087, 
    0.0311001025489269, 0.0566419833910601, 0.0478446881090677, 
    0.0323332454880415, 0.0288900006352431, 0.0400975094141478, 
    0.0264269807942056, 0.0558272042934715, 0.0541101658840702, 
    0.0456681694947043, 0.046882892572422, 0.0595873354928931, 
    0.0619425753390876, 0.0418097380686756, 0.0614122580918396, 
    0.0197758258577095, 0.0225426259937487, 0.0715833855205014, 
    0.0272018241939752, 0.0631459099820409, 0.0605718601506385, 
    0.0450607612870636, 0.0415885547207306, 0.0287899097087233, 
    0.0424217546332527, 0.0508432558820067, 0.0341826487118277, 
    0.0286141856389922, 0.102142722086785, 0.0514117572098813, 
    0.0705993665082973, 0.0205474235429577, 0.110765131744415, 
    0.038120366855903, 0.0415463566598968, 0.0258654609993336, 
    0.0295027818458332, 0.0548737345528916, 0.0338392099474693, 
    0.0237809197062856, 0.026176952930402, 0.0350969963320333, 
    0.0195809431300739, 0.0224587602951365, 0.0347778800231566, 
    0.0568952403592412, 0.0276111480413657, 0.0827860571607725
    ), N = structure(c(1853182.9521532, 1100828.44497457, 1278489.21559421, 
    1137515.31967557, 1138711.18585241, 1241599.85605637, 745511.303073683, 
    1250015.94640283, 1428677.02928555, 1689843.16359501, 750249.474641438, 
    742409.607283617, 1233282.11771322, 1510415.13466915, 721925.996552804, 
    1223509.98023726, 1248722.37478522, 734749.020337751, 749533.533467011, 
    1204506.29659492, 1228073.66579303, 738076.287619779, 1491981.23989245, 
    302092.725690439, 235615.610945373, 466725.544797833, 241611.424092163, 
    289143.378427934, 199259.556010743, 523713.290788429, 431234.183434979, 
    2052809.39462017, 1250015.94640283, 310389.843863481, 750249.474641438, 
    231726.111888065, 748941.907104012, 1247928.39434994, 750242.144562629, 
    1250002.74670801, 750032.937642723, 738591.167868954, 1229557.41685601, 
    1249676.72406046, 749103.591264161, 749544.572851268, 1248440.06844545, 
    1250015.86211406, 750249.474641438, 1248865.72081172, 747826.981033489, 
    750249.437244384, 1246636.74047505, 1250015.94640283, 730901.537152707, 
    1218327.54518848, 1232366.82556006, 739176.226779345, 1250014.66948657, 
    750248.813074982, 1361748.84324254, 585099.531570811, 1250015.94640283, 
    750249.474641438), names = c("", "", "", "", "", "", "", 
    "", "", "", "", "", "", "", "", "", "", "", "", "", "", "", 
    "", "", "", "", "", "", "", "", "", "", "", "", "", "", "", 
    "", "", "", "", "", "", "", "", "", "", "", "", "", "", "", 
    "", "", "", "", "", "", "", "", "", "", "", "")), q_chisq = c(340.542837345327, 
    -3.05866413226801, 85.658984335226, 73.482289101038, 87.251516135912, 
    326.502235686004, 185.66418957865, 337.880725389891, 81.327654119762, 
    361.38224649955, 208.751974048611, -17.497775153829, 10.874252082748, 
    11.539593258611, 31.269072214055, 25.644157339185, -7.36664113352504, 
    4.325312171147, 4.37879872426703, 32.480015824476, 39.534185012988, 
    31.548308137743, 203.97080462313, 13.084176839059, 37.166609282395, 
    14.971237003306, -7.37072345965498, -0.748469971380018, 54.472994262894, 
    5.40154434387904, 18.256853979115, 1171.19480524494, 1044.37907015931, 
    -13.889987212866, 684.980490295554, 38.177299117249, 44.473343893912, 
    56.132613549243, 247.692706409187, 428.016577791365, 134.629042860534, 
    61.297096557847, 49.179993432637, 301.996418735526, 17.415994693185, 
    90.593226216382, 14.320819529094, 472.255877400359, -0.967068110106027, 
    178.101873978875, -12.705662465021, 244.061541000223, 58.49191197635, 
    24.790700506009, 11.488701211622, 15.472486097127, -5.39402796539304, 
    10.269550986584, 13.4187027624, 24.349915993942, 286.448478264036, 
    34.189287924951, 646.541864201894, 45.891095336571), q_df = c(4, 
    4, 4, 4, 4, 4, 4, 4, 4, 4, 4, 4, 4, 4, 4, 4, 4, 4, 4, 4, 
    4, 4, 4, 4, 4, 4, 4, 4, 4, 4, 4, 4, 4, 4, 4, 4, 4, 4, 4, 
    4, 4, 4, 4, 4, 4, 4, 4, 4, 4, 4, 4, 4, 4, 4, 4, 4, 4, 4, 
    4, 4, 4, 4, 4, 4),